episodes: 5000
avg_steps: 133.2968
std_steps: 66.82492281896029
avg_return: -237.1712
std_return: 140.0898950337247
min_return: -659.0
max_return: 15.0
